object SCIN CADM2 COX2 RELL1 LOC100287015 TREML3P 1558154_at KLHL8 LOC101927592 MIR646HG||LOC729296 NCKAP5L LOC101927657 1565265_at OR4D1 MAP7 NPR2 MEOX1 TCP11L1 KDM6B 215137_at IGLV@ ZSCAN18 CASQ1 220932_at GJA9||MYCBP||GJA9-MYCBP TAS2R16 NFIA LOC283075 234368_at 234817_at LOC101927330 237147_at PPOX 239402_at 241170_at C3orf62||MIR4271 SYNE1 ZNF788 decision
GSM627128.CEL 3.3754 2.4841 13.5765 4.3531 4.5431 4.3171 5.128 3.6464 3.3078 3.6095 3.7297 3.4647 3.5822 4.4124 6.6854 5.7034 4.5458 5.3425 7.7037 5.5744 2.9911 5.1828 3.4182 3.5432 4.2469 3.3411 5.3213 2.979 2.6166 2.7384 4.135 2.6414 4.0482 3.4908 2.651 7.6377 3.7257 4.4702 control
GSM627110.CEL 2.747 2.5397 13.5437 3.9989 4.756 4.1202 5.1138 2.7612 3.2277 3.1054 4.133 3.0945 3.9536 4.5905 4.1863 6.058 4.409 4.9715 7.3849 5.937 3.3871 5.0607 3.7525 4.1249 4.1656 3.3544 4.7995 3.3025 2.7228 3.4594 4.2255 3.2788 4.2514 3.5927 2.9673 7.4085 4.0398 4.3747 control
GSM627132.CEL 2.8683 2.853 13.1704 4.1582 4.649 4.8674 5.3749 2.9055 3.3624 3.2696 3.7696 3.4622 4.4393 4.9242 4.7389 6.505 3.9377 5.2563 7.9383 5.7529 3.6483 5.0145 3.0983 3.9574 4.1273 3.3097 5.2268 3.6515 2.5357 2.8737 4.3063 2.7705 4.6627 3.8292 2.7749 7.374 3.8871 4.7599 control
GSM627107.CEL 3.1157 2.5772 13.5544 3.869 3.8447 4.613 5.3741 3.156 3.5758 3.2989 3.6243 3.1253 3.4258 4.1892 6.3332 5.9461 4.7624 4.8737 7.4041 5.7052 3.7971 5.2685 3.0757 3.5362 4.3015 3.3414 5.0623 2.8983 2.59 3.0964 4.2439 2.9553 4.2305 3.2363 2.7178 7.4807 4.0581 4.6095 control
GSM627103.CEL 2.6193 2.5729 13.4728 4.1797 3.925 5.3557 5.5119 2.7203 3.3466 2.8977 3.6632 3.0629 3.5233 4.5732 5.7363 5.743 4.2617 4.8293 7.3489 5.9293 2.9816 4.838 3.2479 3.4272 4.2736 3.1592 5.2287 3.0789 2.7437 3.182 4.405 2.8117 4.1545 3.1785 2.7144 7.1611 4.1605 4.6652 control
GSM627114.CEL 2.9908 2.5872 13.4599 4.0804 4.5262 4.8547 5.2549 2.4961 3.262 2.733 3.7052 3.1894 3.6971 4.0186 5.0924 5.9065 4.4697 5.388 6.7425 5.4771 3.545 5.0733 3.2638 3.7617 4.3476 2.902 5.1419 3.3737 2.5694 2.9623 4.0283 2.9091 4.1501 3.6954 2.5169 7.0699 3.5233 3.895 control
GSM627134.CEL 3.0433 2.5348 13.6035 4.3796 4.0346 4.2431 5.0997 2.9417 3.6415 3.0193 3.4961 3.108 3.7736 4.4027 5.7176 5.833 4.2872 4.7115 6.5998 5.5502 3.0365 5.5781 3.0848 3.7745 4.3087 3.1775 4.8761 2.8984 2.5295 3.3775 4.2758 3.1964 4.1008 3.1184 2.8401 7.1999 3.8288 4.8887 control
GSM627137.CEL 3.08 2.5681 13.483 4.3564 4.5598 4.298 5.142 3.0244 3.2267 3.1506 3.9165 3.087 3.4915 4.4255 6.3129 5.6514 4.7199 5.2412 7.1864 5.7539 3.3813 5.3625 3.2132 3.5793 4.2798 3.6821 5.2309 3.3782 2.5764 3.1757 4.2521 2.8931 4.2768 3.4167 2.6695 7.1695 4.026 4.739 control
GSM627148.CEL 3.1367 2.5712 13.6993 3.9415 4.4528 5.023 5.4361 2.4118 3.2051 2.881 3.7189 3.058 3.4144 4.3419 5.1677 5.5071 4.4704 4.494 7.4671 5.9704 3.0848 5.3051 3.3067 3.9033 4.5848 3.0231 5.3009 3.1448 2.6114 3.1809 4.281 3.0766 4.1116 3.2191 2.6266 7.0956 4.255 4.3392 control
GSM627101.CEL 2.7546 2.6398 13.5609 4.2585 4.2662 3.8987 5.6402 3.6289 3.3576 3.258 3.6033 2.937 3.6265 4.2552 5.8575 5.7945 4.1335 4.9402 7.4343 5.8408 2.8718 5.1919 3.6728 3.2847 4.131 3.1272 4.9599 2.9255 2.4659 3.1123 4.1051 3.2 4.0575 3.3523 2.671 7.3566 4.0831 4.0967 control
GSM627130.CEL 3.0676 2.5714 13.4216 3.7459 4.2852 4.5114 5.5466 3.2318 3.4767 3.3247 3.7563 3.2172 3.391 4.2139 5.6672 5.9861 3.9856 4.8423 7.2056 6.0149 2.8936 4.9987 3.353 3.7016 4.2882 3.1645 5.1271 3.0037 2.6181 3.1866 4.268 3.073 4.061 3.1468 2.554 7.2262 3.8932 4.1414 control
GSM627071.CEL 3.1552 2.7109 13.5453 4.2328 4.4664 4.2344 4.9993 2.6117 3.2542 3.0002 3.9048 3.1052 3.3064 4.2703 5.1308 6.1195 4.1754 4.7664 8.0155 5.4167 3.0019 5.3519 3.5442 3.4632 4.2564 3.1658 4.7202 2.9286 2.6015 3.0361 4.6557 2.9711 4.1319 3.2769 2.7999 7.2467 3.6065 4.2794 control
GSM627118.CEL 2.877 2.4691 13.6187 4.2356 3.9625 4.2484 5.3565 3.1199 3.0937 3.3767 3.4948 3.1293 3.5212 4.3308 6.5033 5.8342 3.7969 4.7829 7.6445 5.7541 2.9587 4.7778 3.4737 3.3871 4.1977 3.232 5.2407 3.0153 2.9161 3.0447 4.1339 2.9828 4.1205 3.3917 2.6126 7.4809 4.1641 4.019 control
GSM627094.CEL 2.7458 2.6249 13.5236 4.6772 4.2232 4.6476 4.9733 2.5763 3.6393 3.07 3.7441 3.0789 3.7937 4.889 5.9633 5.8087 4.3788 4.9164 7.6178 6.1041 3.2985 5.3229 3.2331 3.6804 4.0241 3.3524 5.2876 3.1529 2.8731 3.2362 4.396 3.0407 4.3259 3.207 2.8559 6.961 4.2189 4.5884 control
GSM627122.CEL 2.967 2.8503 13.3609 3.8811 4.2321 5.0084 5.0867 3.3067 3.424 2.8525 3.7048 2.955 3.5995 4.2668 5.6388 5.8781 4.3682 4.7975 7.4899 5.7749 3.489 4.5786 3.2782 3.7177 4.3875 3.6133 5.2791 2.9567 2.8584 3.1954 4.1756 2.908 4.2316 2.8346 2.6809 7.3225 4.2198 4.5604 control
GSM627115.CEL 2.7772 2.5839 13.5981 3.9221 3.9928 5.228 5.384 2.6334 3.6076 3.0119 3.7343 3.0858 3.5206 4.4978 5.7757 5.1765 4.3308 5.1129 7.6232 5.9118 2.7136 4.6658 3.3481 3.9888 4.1974 3.2865 5.262 2.877 2.5795 3.1809 4.1309 3.2078 4.4015 3.3133 2.928 7.0817 4.208 4.672 control
GSM627125.CEL 2.6859 2.4275 13.3021 4.4867 4.0219 6.1231 5.3397 3.1613 3.2873 2.9546 3.5195 2.9354 3.5704 4.4274 6.612 5.8388 4.3485 4.8149 7.4975 5.589 2.9039 5.8713 3.4273 3.491 4.2925 3.0302 5.3563 3.2283 2.6535 2.9948 4.3494 2.7352 4.3061 3.0019 2.7544 8.1534 3.8486 4.646 control
GSM627174.CEL 2.8206 2.6209 13.5939 4.4041 4.508 4.3898 5.2541 3.3914 3.131 3.0115 4.1193 2.8857 3.4969 3.8549 5.3013 6.2362 3.7965 4.8439 7.7962 5.5711 3.045 4.7292 3.3116 3.2239 4.7607 3.1386 5.1032 3.4767 3.2284 3.236 4.3596 2.9306 4.0206 3.4047 2.7066 6.9824 3.7234 4.6427 control
GSM627102.CEL 2.7049 2.3588 13.4734 4.3092 4.9163 4.6534 5.0708 2.9823 3.5849 3.1706 3.8196 3.256 3.7924 5.0021 6.6154 5.4792 4.1246 4.7926 6.8903 6.3513 3.9277 5.5521 3.0872 3.9207 4.328 3.0997 5.4191 2.6219 2.6392 3.4922 4.1306 3.0273 4.5458 3.4889 2.7424 7.0881 3.6296 4.5719 control
GSM627073.CEL 3.1021 2.6714 13.5275 4.0325 4.5958 4.4382 5.4301 2.6542 3.3505 3.1241 3.6916 3.2135 3.9566 4.717 6.0549 5.8217 4.3806 4.8366 7.4744 5.879 2.6689 5.6166 3.2834 4.1457 4.0231 3.1017 5.0255 3.1539 2.4703 2.9294 4.0414 2.9854 4.0648 3.5281 2.7201 7.2638 4.1253 4.3184 control
GSM627108.CEL 2.8025 2.687 13.6409 4.0671 4.2806 4.8971 5.1722 2.7388 4.0155 3.0784 3.8513 3.0565 3.558 5.097 5.7778 5.8746 4.7352 4.6199 7.1331 6.0178 3.6819 5.281 3.7333 3.895 4.1677 3.313 4.9969 2.7126 2.8433 3.389 4.1527 2.7593 4.5325 3.4347 2.621 6.9135 4.0332 4.4347 control
GSM627126.CEL 2.6203 2.9471 13.1738 4.2982 3.6933 5.6736 4.6431 3.2635 3.5001 3.2938 4.3737 3.1714 3.219 4.6053 4.5718 5.9734 4.3014 4.5957 7.9279 5.7819 2.9457 4.9417 3.5936 3.3803 4.2616 3.9789 5.1976 3.7201 2.7045 2.7772 3.6488 2.7876 4.2204 3.219 2.7031 7.5852 4.1534 4.594 control
GSM627078.CEL 2.596 2.5908 13.6553 4.3189 3.8961 5.5149 5.6105 3.0873 3.3134 3.1264 3.6619 3.1272 3.8002 4.2688 4.9045 5.9146 4.1839 4.8875 7.6301 5.8206 2.6437 5.2181 3.3572 3.5542 4.0121 3.0981 5.0628 2.533 2.4967 3.3946 4.2067 3.2745 4.4665 3.3496 2.6701 7.0442 3.7894 4.0161 control
GSM627090.CEL 2.7633 2.3503 13.1987 4.0702 4.5139 4.225 5.375 2.9932 3.0183 3.128 3.6486 3.3694 3.6503 4.2028 4.7966 5.9917 4.3621 5.3319 7.4649 5.747 3.1714 5.3367 3.0811 3.3681 4.26 3.4385 5.1445 3.2603 2.6761 3.4044 4.1286 2.6794 4.5545 4.0034 3.2904 7.3429 4.3491 4.8918 control
GSM627099.CEL 2.7704 2.6985 13.5381 4.243 4.6153 4.9446 5.4583 3.2874 3.4332 3.1141 3.5025 3.0874 3.401 4.3417 6.2338 5.8759 4.3341 5.2245 7.6444 5.6917 2.893 5.0783 3.2301 3.675 3.9913 3.0548 5.2376 3.1197 2.644 3.0715 4.1468 3.0315 4.6398 3.279 2.8497 7.6112 3.9529 4.4914 control
GSM627105.CEL 3.1391 2.5671 13.3726 4.4966 4.3876 4.6598 5.2631 3.5345 3.6812 3.4038 3.6544 3.1965 3.566 3.8471 6.6065 5.8346 4.3349 4.8601 7.8409 5.6642 2.9825 5.7055 3.2514 3.5505 4.2297 3.0573 5.186 3.0781 2.6341 2.9818 4.2463 3.1621 4.0423 3.066 2.4494 8.1666 3.695 4.3496 control
GSM627117.CEL 3.1463 2.5676 13.4677 4.1192 4.4475 4.6467 4.9045 2.7888 3.5909 3.5058 3.7102 3.3066 3.5783 4.3931 6.0494 5.809 4.5961 5.3499 6.9097 5.8396 3.2719 5.1823 3.726 3.9222 4.2977 3.3925 5.0296 2.8253 2.5238 3.0695 4.1527 2.8727 4.2062 3.4236 2.9246 7.5648 3.9576 4.6798 control
GSM627121.CEL 3.0212 2.6637 13.545 3.6306 4.3633 4.0583 5.2755 2.7754 3.5935 3.345 3.9409 3.048 3.393 4.3679 5.7492 5.9148 4.2722 5.1588 7.294 5.8185 2.9924 5.0839 3.3868 4.0532 4.2794 3.264 5.7583 3.0175 2.7203 3.1264 4.4817 2.9704 4.2025 3.355 2.7751 6.9103 3.7849 4.6027 control
GSM627127.CEL 2.8928 2.5771 13.4337 4.0295 4.3506 4.3807 5.3266 3.5881 3.4047 3.1195 3.7368 3.1641 3.7475 4.5145 6.0279 5.6658 4.3779 5.2298 8.1088 5.9281 3.0602 4.8744 3.1747 3.5496 4.2815 3.0204 5.2474 3.5575 2.6585 3.0717 4.1858 3.0028 4.0922 3.2002 2.6514 7.7952 4.3389 4.5365 control
GSM627087.CEL 2.8103 2.7436 13.5854 4.1892 3.8614 4.9455 4.9901 2.6007 3.4278 2.8898 3.7301 2.9792 3.4398 4.5378 5.8342 5.6972 4.4296 5.1119 7.6703 5.7488 3.027 5.1336 3.2801 3.8765 4.2206 3.2331 5.4027 3.208 2.8887 3.072 4.3436 2.8867 4.0244 3.4854 2.8163 7.131 4.2885 4.3429 control
GSM627089.CEL 2.7987 2.4727 13.3725 4.3462 4.7162 4.8343 5.0521 2.6247 3.1768 2.8904 3.6612 3.0549 3.8599 4.1137 5.8496 5.8878 4.2304 4.3163 7.4437 5.5078 3.477 5.1843 3.2819 3.4956 4.145 3.3996 5.1817 3.2713 2.6495 2.9039 4.1448 2.6581 4.0731 3.519 2.8809 7.1331 4.1031 4.5432 control
GSM627092.CEL 2.9954 2.7388 13.4757 4.2563 4.3954 4.2052 5.4757 2.6975 3.6954 3.5146 4.0153 3.3938 3.5016 5.0219 5.8325 5.5968 4.1022 5.1195 7.5275 5.9236 3.401 5.6307 3.6594 3.9425 4.2985 3.2316 4.7742 3.1263 2.6382 3.0917 3.9261 3.2655 4.0939 3.55 2.681 7.2854 4.068 4.7805 control
GSM627076.CEL 2.8038 2.6662 13.4679 4.5998 4.6641 5.4934 5.1327 3.0555 3.3911 3.3071 3.8507 3.1917 3.601 4.364 5.2274 5.7098 3.9272 5.3129 7.4796 5.9907 3.0875 5.7977 3.263 3.2747 4.4114 3.1795 5.2219 3.105 2.6941 3.4038 4.2646 2.6662 4.2208 3.2583 2.7223 7.7123 4.0605 4.6863 control
GSM627136.CEL 2.9296 2.5065 13.3707 4.678 4.2148 4.8133 5.1254 2.7067 3.1955 3.1184 3.9779 3.0729 3.4047 4.1057 5.9466 6.1939 3.6706 5.5402 6.8823 5.8302 2.843 4.7271 3.4256 3.6859 4.3241 3.8556 5.1884 3.303 2.8383 3.2324 4.1228 2.7749 4.4181 3.1608 2.8451 7.1862 3.9789 5.4866 control
GSM627081.CEL 2.8847 2.5525 13.534 3.9511 4.3571 4.0408 5.2182 2.9381 3.5563 3.3321 3.6583 3.0485 3.5053 4.3954 6.0278 5.7118 4.3407 5.3198 7.6366 5.821 3.2442 5.38 3.6434 3.6858 4.2627 3.2306 5.6013 2.9531 2.5713 3.2223 4.4734 3.1333 4.2956 3.0627 2.6078 7.6413 3.9537 4.569 control
GSM627091.CEL 2.8738 2.5896 13.5504 4.2792 4.3864 5.0115 5.0446 2.837 3.3831 3.1942 3.5549 3.2971 3.7237 4.464 5.7533 5.8541 4.0276 4.5916 7.6045 5.9486 2.8639 5.0066 3.0097 4.2627 4.3643 3.0778 5.0774 2.8468 2.7541 3.0872 4.4708 2.9784 4.6582 3.3938 2.8224 7.3289 4.2193 4.3166 control
GSM627097.CEL 3.1911 2.699 13.3688 4.507 4.419 5.459 5.0755 3.1482 3.6179 3.1184 3.7751 3.1816 3.4948 4.4265 6.2845 6.0114 4.3565 4.985 7.5052 5.4241 2.7521 5.0398 3.7583 3.7609 4.2749 3.2051 5.0276 3.3486 2.8669 3.4731 4.417 2.9042 4.1253 3.1115 2.6298 7.5284 3.8923 5.2359 control
GSM627072.CEL 3.18 2.4999 13.4019 4.1895 4.404 5.5004 5.1381 2.8111 3.7401 3.0951 4.0633 3.0256 3.4649 4.2038 5.7354 5.9783 4.5365 5.4694 7.1935 5.5604 3.0292 5.001 3.3679 3.7418 4.4173 3.5 5.4482 3.0114 2.6242 3.0935 4.1807 2.756 4.1957 3.4546 2.7018 7.4567 4.1469 4.9692 control
GSM627080.CEL 3.1496 2.7445 13.1229 4.2649 4.0836 5.9273 5.6033 2.6656 3.6146 3.1057 3.9654 3.5035 3.9728 4.586 4.8372 6.0392 3.7573 5.2642 7.6841 5.6566 3.1505 5.094 4.0865 4.2641 4.2654 3.325 5.4762 3.1438 2.5727 3.0639 4.3464 2.7907 4.5812 3.5103 2.5647 7.0903 4.0913 4.4344 control
GSM627088.CEL 3.176 2.7603 13.4382 4.3532 4.1999 4.467 4.8947 2.6429 3.0885 3.0555 3.6151 3.0909 3.465 4.3727 6.0605 5.9392 4.0982 4.9792 7.7325 5.5726 3.163 4.847 3.5173 3.8955 4.2708 3.0885 5.5628 2.9445 2.3959 3.1534 4.3955 2.9873 3.9432 3.5327 2.9742 7.3178 4.0092 4.7979 control
GSM627109.CEL 3.317 2.3156 13.4074 4.3335 3.8102 4.4339 5.5769 2.6316 3.282 3.3288 3.6653 3.1561 3.8508 4.0832 5.4576 5.9542 3.3586 4.8362 8.227 6.007 2.7825 4.7755 3.5558 4.0531 4.6619 3.2553 4.5597 3.1032 2.6518 3.4586 4.4668 3.0359 4.6937 3.455 2.7577 7.4426 3.8187 4.2508 control
GSM627111.CEL 3.3298 2.5722 13.2777 4.1558 4.1816 4.3645 5.5729 2.9872 3.456 3.131 4.0934 3.2859 4.0647 4.515 5.4706 5.821 4.4751 4.5246 7.03 5.6918 3.2188 4.6419 3.2696 3.8273 4.7244 2.8489 4.8495 2.9704 2.5623 3.0363 4.743 2.9175 4.6235 3.3173 2.9636 7.2907 4.3043 4.447 control
GSM627113.CEL 3.023 2.6424 13.5378 4.1361 4.3945 4.8782 5.7678 2.8325 3.429 3.0955 3.7052 3.2629 3.7026 4.6416 4.7709 6.4407 3.755 4.9911 8.0108 6.0254 3.185 5.1386 3.3084 3.991 4.5692 3.0349 4.5673 3.0127 2.6072 3.2517 4.4589 3.0127 5.1068 3.8485 3.0671 7.522 3.6146 4.0735 control
GSM627133.CEL 2.7473 2.6081 13.5503 4.4013 3.979 5.6277 4.9717 2.6756 3.6769 2.923 3.5936 3.0175 3.4785 4.864 6.2103 5.6045 4.4169 4.9221 7.5215 5.6318 3.4648 5.3481 3.8678 3.9985 4.3919 3.2958 5.1072 3.0304 2.7701 3.3155 4.4169 3.1963 4.4317 3.1799 2.7229 7.3308 4.0284 4.2043 control
GSM627177.CEL 3.0409 2.6826 13.4027 4.6759 4.3125 5.0777 4.8868 2.7272 3.3848 3.2868 3.9305 3.4058 3.5135 4.3179 5.9455 5.8824 4.6312 5.0502 8.5844 5.7539 3.0337 5.3959 3.5577 3.487 4.2271 3.3069 5.0075 3.3892 2.6221 2.9888 4.083 2.7533 4.3669 3.0696 2.7325 7.4462 3.7336 4.4644 control
GSM627086.CEL 2.7335 2.4971 13.5157 4.0562 3.8399 4.3593 5.1956 2.8157 3.3391 3.0235 3.8664 3.2998 3.3056 4.4181 5.4906 5.8145 4.3346 5.004 7.2376 5.7616 2.9986 5.2634 3.2367 3.9325 4.1328 3.4041 5.4185 2.9915 2.7079 3.3527 4.1079 2.9037 4.3476 3.3457 2.9102 6.6361 4.0882 4.1917 control
GSM627095.CEL 3.1527 2.5397 13.4386 4.1351 4.6273 4.9345 5.3856 3.2045 3.4025 3.4184 3.6545 3.2972 3.5873 4.5672 4.6652 5.8312 4.425 4.8088 7.2801 5.8039 2.8165 4.5869 3.6773 3.8293 4.2891 3.3816 5.3869 3.3532 2.5167 3.0131 4.6344 2.8205 4.7884 3.8765 2.6222 7.1743 4.2813 4.3362 control
GSM627079.CEL 3.1354 2.8737 13.5369 4.098 4.3444 5.011 5.2512 3.1018 3.4648 3.1965 3.8114 3.3645 3.4969 3.8743 6.0308 6.1577 4.5097 4.7135 8.054 5.6511 3.0636 4.4622 3.1761 3.5556 4.3162 3.6081 5.2549 3.4401 2.6135 2.874 3.9999 2.759 3.8189 3.2842 2.6325 7.6126 4.269 4.3594 control
GSM627082.CEL 3.0916 2.7123 13.3896 3.9362 4.4056 4.2112 5.2781 3.8029 3.1486 3.4158 3.7431 3.1061 3.858 4.2713 5.2982 6.0683 4.6865 4.48 6.9556 5.3328 3.0116 5.3154 3.2931 3.6703 4.1235 3.4636 5.162 2.8867 2.5431 2.9362 4.6546 3.0214 4.3735 3.3883 2.6115 7.066 3.6703 4.3392 control
GSM627074.CEL 3.2554 2.7091 13.5328 4.2466 4.105 4.6797 5.194 2.7033 3.9164 3.0429 4.1935 3.4169 3.4973 4.2957 5.1884 5.807 4.155 4.7265 8.7996 5.9392 3.1724 5.2264 3.5224 3.8002 4.4826 3.2283 4.9644 3.1954 2.6562 3.3722 4.4059 2.9715 4.5161 3.4076 2.5314 7.176 3.9118 4.2276 control
GSM627077.CEL 3.0445 2.6061 13.4431 3.8826 4.0157 4.9773 5.2198 2.8667 3.6955 3.2195 3.64 3.1233 3.5918 3.9079 5.1296 5.915 4.4699 4.9069 7.3262 5.9441 3.0762 4.9958 3.0015 3.8763 4.3344 3.151 4.8904 3.6289 2.5343 3.1089 4.1788 3.192 4.4021 3.3091 2.755 7.4673 3.6921 4.6201 control
GSM627093.CEL 2.877 2.5657 13.4984 4.4032 3.9567 5.6073 5.1566 2.6838 3.4588 3.3018 4.2081 2.8916 3.697 4.7812 4.8124 5.9466 4.818 5.1117 8.1806 5.6834 3.2855 4.9709 3.4854 3.6609 5.1356 3.1616 5.2917 3.1948 2.8489 2.9257 4.2744 3.0377 4.5478 3.2876 2.574 7.0941 4.1039 4.7227 control
GSM627120.CEL 2.8755 2.6576 13.5813 4.0811 4.3497 4.566 5.226 2.9054 3.4149 3.064 3.617 2.9119 3.4454 4.5419 5.8632 5.83 4.5082 5.7106 6.3289 5.5952 2.9693 4.8615 3.2576 3.4838 4.257 3.0743 4.7691 3.2251 2.6069 3.1845 4.0907 3.0516 4.2125 3.2898 2.4845 7.0219 4.1256 4.5673 control
GSM627124.CEL 2.953 2.6951 13.572 4.1368 4.542 5.5576 5.1662 3.05 3.6239 3.1101 3.9221 3.1007 3.748 4.174 4.9417 6.1765 4.0862 4.7958 7.5963 5.7772 3.0466 5.3172 3.4845 3.8676 4.3313 3.3381 5.1157 2.87 2.6903 3.0088 4.324 2.9573 4.7423 3.4731 2.6443 6.6719 4.2416 4.3015 control
GSM627075.CEL 2.8762 3.2831 13.5343 4.1417 4.7452 4.6111 5.7078 2.7706 3.5656 3.3651 3.9259 3.4617 3.6281 4.5958 4.084 5.8583 4.2821 4.9212 7.0911 5.8626 3.2033 5.0372 3.5132 3.7166 4.2549 3.2782 5.1607 3.0393 2.6382 3.1808 4.1957 2.9335 4.2429 3.4007 2.5118 6.5764 3.9154 4.5857 control
GSM627085.CEL 2.8027 2.616 13.4739 4.1071 4.0749 4.2545 5.4594 3.2173 3.5734 3.3415 3.6645 2.9771 3.4781 4.5108 5.1604 5.8423 4.2901 4.2015 8.8778 6.1612 3.0412 5.6416 3.0577 3.7941 4.3322 3.0355 4.6583 3.0647 2.784 3.2675 4.1161 3.0368 4.5136 3.2548 2.7778 7.0395 3.7883 4.1092 control
GSM627119.CEL 3.1777 2.6093 13.5483 4.2873 3.9666 5.0084 5.2798 2.6404 3.4559 3.0033 3.8445 3.0189 3.8875 4.0824 5.9624 5.87 4.2426 5.1827 7.7019 5.8968 2.9583 5.1186 3.3074 3.8847 4.3338 3.4592 4.9298 2.958 2.6567 3.0525 4.3044 2.9401 4.4689 3.3182 2.7819 7.1272 3.616 4.3747 control
GSM627116.CEL 2.8337 2.3708 13.3896 4.3007 4.478 4.5302 4.7775 3.2858 3.5341 3.3326 4.1438 3.1939 3.4632 4.0595 5.8197 5.6848 4.4771 4.862 8.4149 5.9073 2.9976 5.0737 4.0601 3.8042 4.3472 3.3142 5.1964 3.0448 2.6046 3.0488 4.3159 3.0229 4.2228 2.9558 2.6455 7.6497 3.9209 4.3629 control
GSM627084.CEL 3.0771 2.7272 13.3611 4.4688 4.0639 4.3889 5.2092 2.7544 3.5685 3.1718 3.9424 3.0932 3.4475 4.8023 5.9169 5.8754 4.414 4.4864 7.7337 5.9247 2.8022 4.3551 3.3437 4.3928 4.5784 3.3497 5.425 3.0226 2.5784 3.1009 4.4402 2.8819 4.2798 3.3565 2.7827 7.3313 3.7704 4.5937 control
GSM627096.CEL 2.6448 2.5283 13.5612 4.1037 3.9298 4.3526 5.2405 3.0849 3.2435 3.2309 3.6505 3.1432 3.682 4.2224 6.571 6.1533 3.9732 4.5735 7.6157 5.6509 2.8128 4.6354 3.2705 3.9343 4.2041 3.2422 5.5945 3.2626 2.7463 3.0369 4.0101 3.1275 4.0628 3.2301 2.5513 7.4883 3.5615 4.1776 control
GSM627100.CEL 2.9414 2.4592 13.5188 4.0843 4.1511 4.6406 4.8081 3.4256 3.3642 2.7378 4.0115 2.9618 3.3368 4.1343 6.1227 5.9612 4.3321 5.3621 7.1485 5.7009 3.7227 5.1445 3.1512 3.841 4.3386 3.3859 5.1745 3.4706 2.5385 3.1388 4.2638 3.019 4.4697 3.3994 2.5248 7.4955 3.9623 4.4689 control
GSM627112.CEL 3.0308 2.61 13.6545 4.4003 4.5043 4.9062 5.7757 3.18 3.8881 3.6265 4.235 3.0288 3.865 4.571 4.4535 5.8115 3.9621 4.6664 7.934 6.6036 2.9302 6.0518 3.5164 3.6924 4.2603 3.47 4.9187 3.0139 2.5582 3.1968 4.2099 2.8728 4.6307 3.6017 2.6932 7.262 4.1683 4.3282 control
GSM627083.CEL 2.9607 3.0138 13.4498 4.3859 4.8246 4.0931 4.797 3.3005 3.2248 3.2446 3.7356 3.1754 3.5047 4.0331 5.5659 6.3556 4.3745 4.9542 6.9712 5.9367 3.3216 4.4497 3.5163 3.6705 4.2851 3.3766 5.4019 2.8726 2.6738 3.2308 4.0999 2.9482 4.1657 3.2945 3.0903 7.1394 4.1047 4.506 control
GSM627098.CEL 3.1198 2.2809 13.3425 4.0354 4.066 4.3174 5.2256 2.9234 3.4368 3.4587 4.0359 3.2328 3.3616 4.4323 5.7288 6.1161 4.167 5.348 7.5061 5.4961 3.3523 4.6609 3.5923 4.0711 4.1183 3.5099 5.5888 2.8452 2.6201 3.1589 4.1079 3.2258 4.7482 3.112 2.9851 7.1594 3.9997 4.4854 control
GSM627104.CEL 3.2631 2.4947 13.5532 4.3092 3.888 4.7333 4.9218 2.5702 3.4478 3.6742 3.7635 3.4167 3.8259 4.5629 5.0038 6.1797 4.7475 5.3995 7.2971 5.9246 3.1035 5.0534 3.3674 4.701 4.5168 3.2217 5.0198 3.242 2.5703 3.3977 4.4032 3.0412 4.8347 3.3674 3.5545 6.418 4.1599 4.3957 control
GSM627131.CEL 3.0673 2.8333 13.3417 4.1418 4.2661 4.6549 5.2935 3.0663 3.2828 3.1619 3.7431 3.3861 3.8177 4.5214 6.4179 6.4041 3.8439 5.1964 8.1868 5.637 2.4076 5.3229 3.8961 3.5202 4.2102 3.1555 4.9926 3.3853 2.6022 2.9777 4.2282 2.95 4.0472 3.2302 2.7452 7.9223 3.6064 4.3869 control
GSM627106.CEL 2.6045 2.5519 13.5884 4.1 4.4283 4.8337 5.1989 2.9473 3.2918 3.0809 3.7133 3.1387 3.4197 4.3624 5.8505 5.9456 4.3057 4.6774 7.4439 5.684 3.0371 5.4933 3.331 3.5228 4.2751 3.5202 5.0051 3.1364 2.5595 3.05 4.3525 2.9189 4.2445 3.4904 2.4923 7.3202 3.7671 4.3643 control
GSM627123.CEL 3.1839 2.6249 13.3585 4.6986 4.2837 4.9594 5.5674 2.8767 3.1281 3.5124 3.8177 3.3426 3.8424 4.6484 5.7277 5.8611 4.2282 4.8635 7.5277 5.814 3.0321 4.6228 3.1575 3.6718 4.7295 3.1773 5.149 3.0187 2.6412 3.1768 4.5511 2.9259 4.5511 3.1374 2.7544 7.8352 4.2242 4.5141 control
GSM627129.CEL 2.6629 2.4601 13.5713 4.1841 3.956 4.2394 5.388 2.8578 3.2515 3.2412 3.7328 3.1211 3.5862 4.4395 6.342 5.741 4.3301 5.0463 7.0102 5.4239 2.89 4.7288 3.5647 4.0475 4.0693 3.163 5.5809 3.2306 2.5181 3.0087 4.1508 2.9722 3.7498 3.3937 2.7111 7.4898 4.0277 4.8755 control
GSM627216.CEL 2.902 2.4222 13.6864 4.1904 4.2899 4.7304 5.3175 2.7204 3.6625 2.9097 3.5639 3.2289 3.641 4.7321 4.379 5.6446 4.3199 4.8194 6.9429 5.9674 3.2388 5.0093 3.4589 3.8389 4.2941 2.9597 5.0936 2.9038 2.9131 3.2028 4.49 3.0148 4.611 3.4823 2.8599 6.8458 4.0064 4.0872 autism
GSM627212.CEL 2.7893 2.8005 13.7439 4.3421 3.9995 4.6259 5.5172 2.7373 3.4959 3.1545 3.8176 3.5546 3.7447 4.6179 5.6711 5.6585 4.095 4.5379 7.5698 6.1412 3.0917 5.3364 3.4715 3.8661 4.3684 3.0353 4.8222 2.8252 2.6283 3.1553 4.4755 2.9497 4.1223 3.6588 2.6542 7.6296 4.5041 4.4156 autism
GSM627190.CEL 3.0206 2.9451 13.6585 4.0554 4.1974 4.2284 5.4663 2.595 3.399 3.2056 3.8686 3.1324 3.7439 4.4678 5.1005 5.8327 4.8535 5.1671 6.8062 6.3791 3.5977 5.1905 3.7376 3.5824 4.184 3.123 4.9084 2.8808 2.6346 3.3583 4.2512 3.1328 4.456 3.6478 2.9417 6.8498 4.0772 4.4263 autism
GSM627169.CEL 3.0032 2.7731 13.3829 4.2203 4.6043 5.2579 5.6078 2.5128 3.6649 3.5616 3.9484 3.3153 4.0585 4.8605 6.6177 5.4287 4.521 4.9468 7.2564 6.0428 3.4164 5.6368 3.5055 3.7937 4.4792 3.474 5.0177 2.4797 2.7202 3.4025 4.6217 3.3042 4.3377 4.2151 2.9073 7.0339 4.0522 4.3645 autism
GSM627167.CEL 2.9515 2.9557 13.5797 3.8352 4.238 4.2766 5.7834 2.892 3.6572 3.1618 3.8655 3.2068 3.7434 4.7062 5.0787 5.8652 4.2507 4.4946 7.038 6.0642 3.2867 6.3165 3.3661 3.729 4.1747 3.3691 5.1984 2.7755 2.7736 3.0226 4.2392 3.2313 4.2786 3.3715 3.0229 6.9423 3.8866 4.06 autism
GSM627192.CEL 3.4276 2.6753 13.1967 4.0688 3.8641 4.1645 5.2377 3.5935 3.3783 3.2518 4.4653 3.1769 3.7138 4.8797 5.0271 6.1343 4.4256 4.9262 7.6262 6.5657 2.9486 4.7738 3.6815 4.2391 4.4615 3.3436 4.4222 2.8841 2.5318 3.3921 4.9188 3.0727 4.653 3.6472 3.0191 7.0201 3.9852 4.557 autism
GSM627203.CEL 3.2685 2.7245 13.7048 4.4256 3.8954 5.7287 5.4663 2.9965 3.8208 3.482 3.8529 3.279 3.9361 3.5325 5.493 6.1716 4.832 5.1575 7.886 6.1479 4.0513 5.9138 3.7486 3.763 4.2304 3.3966 5.1184 3.0025 2.5659 3.4839 4.5725 3.1441 4.707 3.8015 2.8215 7.9094 4.1465 4.3346 autism
GSM627151.CEL 2.8208 2.6946 13.4811 4.0297 4.2494 4.3638 5.604 2.7507 3.8047 3.2505 3.8119 3.0853 3.9631 4.3244 5.4556 5.7212 4.3826 4.6186 7.1892 5.9031 3.29 5.2055 3.1672 3.542 4.1214 3.2764 5.1997 2.9079 2.6024 3.383 4.4515 3.1325 4.3936 3.3909 2.7311 7.2586 4.1171 4.2999 autism
GSM627163.CEL 2.8578 2.6351 13.5551 4.822 4.5144 4.4711 5.7083 2.9079 3.1782 3.1604 3.7577 3.4701 4.0154 4.9565 4.4978 6.8726 4.3688 5.0457 8.5939 6.0051 3.3218 5.3949 3.6548 3.8389 4.5856 4.2465 4.9888 2.9111 3.0246 3.6188 4.5697 2.7776 4.8397 3.3557 2.7126 6.8563 4.4555 4.449 autism
GSM627211.CEL 2.9433 2.6346 13.5739 4.1747 4.1815 4.1037 5.3283 3.0074 3.7945 3.4084 3.7711 3.5225 4.0298 4.8239 4.5866 5.271 4.1708 4.3049 6.0353 5.9515 3.2039 5.2675 3.3769 3.7781 4.6005 3.1384 5.0548 2.846 2.7463 3.1624 4.3215 3.1756 4.1232 3.4382 2.7463 6.4165 4.7268 4.4766 autism
GSM627171.CEL 2.8217 2.9347 13.7484 3.6644 4.8418 4.0463 5.3662 2.8282 3.1152 3.173 3.6689 3.3134 3.6014 4.3734 4.61 6.2847 4.7606 5.5474 6.7185 5.7878 2.977 5.5193 3.0666 3.6161 4.2821 3.2919 5.8067 2.92 2.8343 2.9805 4.2375 2.8927 4.5017 3.7742 3.0653 6.4512 3.7076 4.4418 autism
GSM627209.CEL 2.593 2.6382 13.6398 3.9457 4.1122 4.0082 5.4226 2.8594 3.4357 3.4055 3.8209 3.2074 3.5849 4.3728 5.2187 6.3162 4.4893 4.5006 7.166 5.9001 3.3411 5.4197 3.1809 3.7222 4.2514 3.0951 5.1068 2.9876 2.4551 3.1431 3.8171 2.909 4.3349 3.7021 2.9276 6.5743 4.3521 4.1555 autism
GSM627135.CEL 3.1091 2.8281 13.2532 4.4382 4.3408 5.3561 5.1926 2.6602 3.624 3.5595 4.2115 2.961 3.7512 4.5475 6.0677 6.3797 4.8301 5.7438 7.0086 5.7882 2.8204 5.2169 3.9363 3.766 4.3804 3.5417 4.8817 3.4589 2.5035 3.9729 4.6278 2.9963 4.824 3.4278 3.0842 7.9315 3.8009 5.5896 autism
GSM627170.CEL 2.821 2.6286 13.7877 4.1042 4.6975 4.3491 5.5943 2.7283 3.5852 3.0958 3.4906 3.2369 3.4684 4.8775 5.6739 6.0242 4.6458 5.2967 6.6486 5.7026 3.1392 5.1308 3.4289 3.4723 4.2347 3.5971 5.2382 2.8457 2.3519 3.4795 4.3681 3.1795 4.3977 3.3565 2.9245 7.3245 4.1933 4.4684 autism
GSM627178.CEL 2.8146 2.7404 13.3553 4.4784 3.9905 4.766 5.7189 2.7277 3.504 3.6405 3.8821 3.2953 3.8905 4.1543 5.6412 6.0596 4.8105 4.9349 8.7392 6.435 3.1047 5.7367 3.3501 3.7927 4.5317 3.3925 4.5587 2.9899 2.3642 3.3698 4.2117 3.4589 4.4663 3.3527 2.6236 7.7889 3.8086 4.1973 autism
GSM627199.CEL 2.8993 2.5484 13.605 3.8446 3.9897 5.0699 5.3298 2.75 3.7823 3.4302 3.8518 3.3165 3.79 4.528 5.688 6.2476 4.5796 4.447 7.8721 6.3816 3.036 5.137 3.6741 3.7674 4.1032 3.5434 4.9479 2.92 2.7316 3.0898 4.1708 3.1553 4.5773 3.5078 3.1083 6.8388 4.2711 4.4052 autism
GSM627213.CEL 2.9921 2.6175 13.6064 4.1232 3.7402 4.2068 5.8422 2.8604 3.4357 3.1076 3.7384 3.0149 3.579 4.4633 6.1595 6.1695 4.7393 4.7034 6.9532 5.8613 3.2619 5.014 3.1604 3.8135 4.2398 3.1058 5.0077 3.0336 2.624 3.433 4.0527 2.8617 4.6205 3.433 2.9121 7.514 4.0421 4.2316 autism
GSM627140.CEL 2.9023 2.7308 13.631 3.9415 4.1243 4.0859 5.4387 3.1707 3.6847 3.0622 3.8885 3.3486 3.6449 4.6941 4.8304 6.1208 5.0944 4.528 6.7612 6.6145 2.9611 5.1848 3.3665 3.9585 4.1624 3.2921 5.0706 2.8902 2.5546 3.12 4.5751 3.5446 4.2993 3.779 3.2701 6.6073 4.3593 4.2941 autism
GSM627149.CEL 3.0149 2.7642 13.3635 4.8457 3.7917 4.7735 5.2581 2.7042 3.6612 3.2122 4.7006 3.3944 3.1617 4.2016 5.4546 6.1861 4.6522 5.0667 7.7097 6.2456 3.2043 6.606 3.6808 3.7085 4.4455 2.9771 5.0404 2.8737 2.6968 3.4558 4.8497 3.188 4.7205 3.5022 2.7527 7.476 4.0403 4.6119 autism
GSM627147.CEL 3.0312 2.6691 13.5392 4.0509 4.2665 4.7358 5.8358 2.9087 3.9343 3.2137 4.155 3.1118 3.8761 5.203 5.4854 5.8036 4.4823 4.4256 6.9957 5.9841 3.3674 5.79 3.2677 3.7755 4.1869 3.7595 5.2405 2.804 2.7977 3.0553 4.4689 3.0013 4.3852 3.3937 2.9185 7.1834 4.3134 4.2444 autism
GSM627195.CEL 2.9624 2.4404 13.6296 4.0847 4.116 4.2267 5.4616 2.8375 3.3888 3.336 3.81 3.2248 3.3544 4.5094 5.4428 5.6005 4.2846 5.075 8.4361 5.6719 3.5076 5.6868 3.4655 3.5951 4.4585 3.1913 4.7277 3.1608 2.5164 3.3413 4.0988 3.1151 4.5579 3.3886 2.7241 7.3646 4.1843 4.0786 autism
GSM627204.CEL 3.0006 2.6598 13.6431 4.235 3.8324 4.0544 5.0615 2.5884 3.7741 3.2527 3.9488 3.3624 3.5653 4.9822 5.3634 5.7508 4.5615 4.1591 7.0125 5.8862 3.0287 5.8293 3.2964 3.7319 4.2263 3.1287 4.911 3.3063 2.5658 3.3716 4.4299 2.9049 4.2242 3.2815 3.0136 6.1806 4.5019 4.1825 autism
GSM627207.CEL 2.9378 2.9368 13.649 3.9417 4.1707 4.1177 5.5688 2.688 3.7577 3.2754 3.9612 3.0255 3.6427 4.4078 4.766 5.7969 5.0583 3.9229 6.7235 6.2405 3.5216 5.8347 3.4023 3.7906 4.355 3.0373 4.9334 2.9809 2.7687 3.1717 4.4803 3.305 4.2972 3.4858 2.7813 6.4676 4.164 4.245 autism
GSM627157.CEL 3.2302 2.6031 13.6296 3.9105 3.7105 3.9869 5.6035 2.5122 3.7633 3.313 3.8658 3.4443 3.9688 4.5907 5.3326 6.5469 4.0404 5.237 7.9468 5.8258 3.4822 6.0629 3.7038 3.9223 4.5567 3.2125 5.2344 2.9307 2.7199 3.3353 4.4866 3.0308 4.586 3.5537 2.8123 6.9719 3.9538 3.9216 autism
GSM627201.CEL 2.9176 2.6484 13.5473 3.8315 4.2865 4.5291 5.3531 2.7422 3.4263 3.3651 3.9391 3.3255 3.7421 4.136 5.5786 5.7556 4.1317 4.5233 7.6673 5.73 2.9801 4.9396 3.2687 3.7546 4.3216 3.4096 5.1236 3.0747 2.7562 3.2926 4.2743 3.0105 4.389 3.1066 2.8431 7.026 4.0695 4.4976 autism
GSM627146.CEL 2.8515 2.6123 13.7646 4.0678 4.0181 4.1919 5.8703 2.7914 3.7212 3.3169 3.6875 3.3968 3.7424 4.9605 5.306 6.1052 4.6183 4.6945 7.9849 5.9533 3.1066 5.7602 3.3722 3.8018 4.2397 3.2922 4.9943 2.9065 2.5707 3.3515 4.1302 3.3895 4.3343 3.2883 2.8586 6.9652 4.1147 4.6286 autism
GSM627156.CEL 2.9989 2.7724 13.5296 4.3169 4.4606 4.7596 5.3251 2.6337 3.8594 3.2581 3.9919 3.5238 3.6242 4.8425 5.8639 5.4438 4.737 4.6818 6.7515 6.1746 4.1892 5.9494 3.4454 3.9864 4.1543 3.2865 5.0646 3.1353 2.7391 3.5374 4.2177 3.0222 4.2776 3.6914 2.9775 6.748 4.2846 4.7344 autism
GSM627188.CEL 3.4525 3.2299 13.3784 4.3074 4.1431 4.1752 5.9501 3.4189 3.3632 3.6905 4.2835 3.5838 4.6177 4.4647 5.2283 5.788 3.9948 5.044 6.8177 6.0653 3.2102 4.8032 3.3074 3.9762 4.675 3.4657 4.8442 2.7395 3.0662 3.2962 4.7422 3.2789 4.8103 3.8208 3.0612 7.3761 3.4636 4.3093 autism
GSM627197.CEL 2.767 2.8581 13.5922 3.732 4.2695 4.3325 5.4269 2.8398 3.5269 3.0025 3.9031 3.3434 3.6149 4.8591 5.6049 6.1985 4.4254 4.8609 8.046 5.9019 3.0772 5.6097 3.5592 3.5554 4.2843 3.1827 5.3521 2.9077 2.62 3.3644 4.3385 3.0864 4.2637 3.4056 2.9698 7.083 3.9874 4.4376 autism
GSM627173.CEL 2.902 2.7494 13.676 3.9989 4.0811 4.9024 5.5604 2.488 3.8947 3.0912 3.9317 3.2447 4.001 4.9323 5.6006 5.669 4.9122 4.4066 7.6756 6.3088 3.2121 5.5546 3.2273 3.7755 4.424 3.3664 4.9028 2.8286 2.7606 3.4169 4.2912 3.1083 4.5213 3.5327 2.8695 6.6495 4.4498 4.3602 autism
GSM627179.CEL 2.961 2.6256 13.7323 3.9949 4.226 4.383 5.4208 2.5373 3.4573 3.2436 3.7846 3.4733 3.4679 4.6217 4.8974 5.5031 4.2915 4.9337 6.6142 5.8915 3.4631 5.5282 3.326 3.8293 4.3881 3.0469 4.9972 2.8554 2.7292 3.3578 4.3785 3.1337 4.3922 3.3727 2.8059 6.8863 4.0434 4.313 autism
GSM627208.CEL 2.9813 2.6017 13.6067 4.0159 4.1999 4.4578 5.6516 2.6507 3.5209 3.1251 3.6581 3.2602 3.7522 4.7683 5.6763 5.861 4.5091 4.3176 6.3151 6.038 3.5234 5.567 3.3333 4.0995 4.3754 3.0069 4.9126 2.6982 2.7741 3.5024 4.2449 2.9716 4.4467 3.304 2.8819 7.1592 4.1534 4.289 autism
GSM627215.CEL 2.841 2.4724 13.7353 4.2619 3.9115 4.2344 5.6206 2.7014 3.1022 3.2929 3.5259 3.1302 3.6204 5.0025 5.6781 5.8411 4.0884 4.7128 7.113 5.8061 3.0507 5.294 3.3504 3.7824 4.221 3.0744 4.9795 2.8335 2.606 3.1531 4.5159 2.9303 4.3641 3.5973 2.7549 7.2233 4.2854 3.9994 autism
GSM627153.CEL 2.9186 2.8628 13.6613 4.0259 3.9499 4.1488 5.5016 2.7233 3.2846 3.11 3.7926 2.9864 3.6487 4.4642 5.3148 6.1345 4.5899 4.4136 6.9926 5.8181 3.1058 5.0227 3.399 4.1219 4.2785 3.0311 5.2005 3.1707 2.5954 3.3134 4.472 2.913 4.5874 3.4654 2.7 6.6575 4.0836 4.258 autism
GSM627155.CEL 3.2541 2.8671 13.1234 4.3028 3.7599 4.3567 5.9816 2.8418 3.4672 3.1403 3.796 3.2711 3.7347 5.3456 4.5347 6.5463 4.199 4.2708 7.0713 6.0012 3.1827 5.8288 3.3074 5.0439 5.3288 3.2693 5.2046 2.3325 2.7631 3.8184 4.3945 3.1227 4.3586 3.5889 2.6231 7.072 4.4749 4.3196 autism
GSM627165.CEL 2.9553 2.2988 13.5875 3.663 4.2737 4.669 5.3479 3.2442 3.8108 3.2669 3.7782 3.4017 3.4045 4.4399 5.713 5.5845 3.867 5.5614 7.2717 5.9081 3.9103 5.0727 3.7872 3.7118 4.5315 3.5806 4.6046 2.7635 2.4272 3.4247 4.1694 3.1357 4.5693 3.6576 2.7217 6.8645 4.4189 4.356 autism
GSM627168.CEL 3.0584 2.7439 13.6578 3.9227 4.0365 4.3825 5.6766 2.7342 3.0353 3.1697 3.9915 3.1328 3.2642 4.551 5.7409 6.0588 4.2977 5.4447 8.1285 5.9357 3.2692 5.6097 2.9862 3.4779 4.3672 3.0153 4.7504 2.5952 2.4297 3.2077 4.0414 3.1414 4.1729 3.2259 3.0585 7.0098 3.9803 4.3588 autism
GSM627183.CEL 2.9281 2.5464 13.4739 3.7729 3.9235 4.4634 5.0701 3.1988 3.1331 3.3597 3.8848 3.3325 3.6673 4.642 6.6003 6.0992 4.0716 5.6123 8.3941 5.7814 3.2054 4.8785 3.4718 3.8101 4.5029 3.1084 5.3018 2.8817 2.6369 3.3336 3.984 2.8381 4.4719 3.2237 2.7246 7.4738 4.0332 4.1773 autism
GSM627144.CEL 2.9127 2.5063 13.5516 4.4644 4.1484 4.92 5.5078 2.8331 3.5404 3.2646 4.1205 3.1732 3.6523 4.7642 7.0832 5.4278 4.158 4.5311 7.4555 5.7749 3.2632 5.4973 3.4824 3.6094 4.1627 3.4038 4.7152 3.5066 2.5976 3.1855 4.4662 2.9646 4.5582 3.6828 2.9456 7.2567 4.0914 5.7138 autism
GSM627158.CEL 3.7879 2.8782 13.2307 4.2205 4.2889 4.2596 4.8834 2.9211 3.1262 3.1929 4.1438 3.3424 3.926 4.4168 4.9108 6.6532 5.0263 5.0626 7.3546 5.9877 2.9401 5.9524 3.048 4.4211 4.233 3.1316 4.9872 3.0886 2.4597 3.483 4.6885 3.1641 4.7863 3.7382 2.6968 7.2129 3.8355 4.3337 autism
GSM627196.CEL 2.9013 2.6334 13.6655 4.3441 4.5522 4.0545 5.4227 2.4879 3.7907 3.1825 3.6516 3.1954 3.5517 4.0653 5.2964 5.6383 4.6385 4.3472 7.1474 5.9874 3.016 5.3399 3.4868 3.7924 4.2789 3.1423 5.022 3.1492 2.6379 3.1932 4.163 3.1017 4.3433 2.8622 2.5806 6.4926 4.0068 4.3522 autism
GSM627142.CEL 2.9078 2.9161 13.5296 4.0645 4.0722 4.8118 5.4374 2.7901 3.2776 3.298 4.0713 3.1626 3.62 4.4944 5.5713 6.2092 3.5855 5.2036 7.3943 5.6568 2.8627 5.6176 3.2447 3.7489 4.0584 3.0204 5.168 2.9444 2.8386 2.9628 4.7154 2.8235 3.6878 3.2127 2.7813 7.5326 3.7816 4.6244 autism
GSM627182.CEL 3.199 2.6572 13.7144 4.1753 4.4457 4.2738 4.9362 2.5681 3.5627 3.178 3.8081 3.1455 3.6332 4.6019 5.5115 5.8008 4.3332 4.7082 6.8461 5.6539 3.1114 5.456 3.3199 3.379 4.3442 3.4794 4.9777 3.0163 2.7119 3.3297 4.1389 2.9911 4.3064 3.3483 2.7219 6.9888 4.2033 4.3099 autism
GSM627202.CEL 2.9011 2.735 13.4265 4.042 4.0489 4.2703 5.3912 2.6884 3.3677 3.4038 3.7635 3.0093 3.7842 4.6384 4.8578 6.4202 4.1842 5.0218 7.5218 5.8363 2.9778 5.6873 3.9 3.8459 4.3736 3.0711 4.8665 2.9722 2.8034 3.2898 4.5635 3.0284 4.4767 3.7275 2.8287 7.549 4.3219 4.4385 autism
GSM627141.CEL 2.9047 2.6086 13.3123 3.6017 4.2737 4.0356 4.8364 2.6326 3.3276 3.2378 3.9542 2.9443 3.6165 4.716 5.9527 5.7517 4.6168 5.6845 6.8349 5.4762 3.5233 4.5309 3.6663 3.7124 4.54 3.1082 5.1155 2.9321 2.4989 2.8294 4.6788 3.1302 4.6512 2.9473 2.7719 7.382 4.1858 4.0941 autism
GSM627143.CEL 3.2788 2.6722 13.4954 3.9426 4.0992 4.4137 4.6255 2.7761 3.7826 3.1354 3.9005 3.2642 3.6623 4.7381 5.8931 5.7396 4.2877 5.2701 6.9224 5.8478 2.6892 5.3402 3.4093 3.6607 4.6411 2.9585 5.5395 2.864 2.4659 3.1379 4.3137 2.9531 3.9768 3.3225 2.6393 6.9864 3.994 4.4391 autism
GSM627145.CEL 2.8443 2.5894 13.451 4.3985 4.5399 4.1163 5.127 2.6789 3.7371 3.2014 3.8631 3.1641 3.4849 4.2306 6.3413 6.0353 4.2489 5.2055 7.6132 5.5211 2.9197 4.7408 3.5075 3.5297 4.1715 3.4164 4.9967 3.0114 2.5757 3.3381 4.0631 2.6915 3.9932 3.6106 2.513 7.6053 4.173 4.3132 autism
GSM627152.CEL 2.9663 2.7192 13.6216 4.1956 4.0744 5.6606 5.4074 2.9327 3.3642 3.1912 4.1516 3.3498 3.6013 4.8216 5.3521 6.1228 4.4942 5.3606 7.7343 6.1588 3.1343 5.0211 3.6669 3.7083 4.1872 3.7176 4.7678 3.1174 2.8138 3.1139 4.1505 3.327 4.4427 3.5679 2.7772 7.5479 4.1168 4.3691 autism
GSM627200.CEL 3.3226 2.7072 13.3913 4.0272 3.8685 4.3047 5.486 3.1441 3.6839 3.1816 4.2257 3.1931 3.5508 4.3293 4.4907 6.1152 4.8057 4.9944 7.5834 5.9107 3.2506 4.8858 3.3597 3.873 4.3683 3.9162 4.99 3.338 2.6145 3.1693 4.5364 2.9897 4.4652 3.2983 2.9367 7.605 4.1539 4.5652 autism
GSM627159.CEL 2.9135 2.6123 13.27 3.7538 3.9578 4.2525 5.7635 3.3404 3.3862 3.2014 3.772 3.4567 3.7099 4.1749 5.0976 6.1237 4.4163 4.2922 7.4078 6.0173 3.1116 5.4839 3.4955 3.4652 4.7068 3.8407 5.0859 3.0049 2.6412 2.8188 4.5743 2.9196 4.2926 3.3762 2.8188 7.2549 4.3788 3.9096 autism
GSM627164.CEL 2.95 2.5862 13.7003 4.0166 4.2142 5.219 5.5093 2.8557 3.6818 3.3108 3.98 3.4093 3.6981 4.5378 5.1633 5.5094 4.1787 4.6483 6.6075 6.1719 3.5235 5.4649 3.425 3.5858 4.4738 3.0885 5.1073 2.6259 2.9184 3.1164 4.4423 2.8535 4.401 3.3512 2.928 6.8418 3.9154 4.3621 autism
GSM627138.CEL 3.0188 2.6296 13.2837 4.0794 4.244 4.144 5.5587 2.8588 3.4959 2.8464 3.897 2.8862 3.8235 4.1279 5.1941 6.1822 3.956 5.4453 6.9871 5.8198 3.3638 5.7611 3.465 4.0411 4.6732 3.4465 4.9872 2.8736 2.5397 3.0136 4.193 3.4123 4.2361 3.646 3.1759 7.1386 3.942 4.306 autism
GSM627175.CEL 2.9353 2.4735 13.5661 3.8795 4.2225 4.0676 5.3516 3.3516 3.5471 3.2543 3.9358 3.1966 3.5757 4.4238 5.7158 5.7848 4.2394 4.9487 7.0782 5.6037 3.441 5.2049 3.7684 3.8124 4.0068 3.3498 5.1092 3.109 2.5616 3.1685 4.3531 3.2037 4.5224 3.3599 2.7147 7.0285 4.0529 4.6518 autism
GSM627150.CEL 3.0436 2.6394 13.5202 3.8703 4.3662 4.2475 5.0432 2.5388 3.4096 3.3188 3.7765 3.0335 3.2849 4.3658 5.5069 6.1191 4.4603 4.5289 7.3755 5.8057 3.1869 5.2072 3.524 3.8299 4.3689 3.3978 4.7272 3.1875 2.8384 3.2572 4.2342 2.941 4.2907 3.5236 2.8487 7.2744 3.9554 4.0824 autism
GSM627166.CEL 3.2656 2.7507 13.6195 4.368 4.1401 4.5872 5.2801 2.5216 3.7446 3.3959 3.9935 3.5429 3.4806 4.3606 4.5966 5.7907 4.388 4.3424 8.2456 5.9764 3.1635 5.1183 3.516 3.5591 4.6309 2.9958 5.1013 3.3058 2.7344 3.4044 4.523 2.7275 4.442 3.533 3.002 7.4564 4.4967 4.7206 autism
GSM627186.CEL 2.9603 2.7059 13.6526 3.978 4.2772 4.6325 5.6033 2.7036 3.8966 3.2185 3.8877 3.237 3.6343 4.907 5.609 5.5071 4.3561 4.7945 6.787 6.2263 3.4387 5.3848 3.3977 3.99 4.2829 3.389 5.3443 3.0772 2.9675 2.9546 4.5514 2.8152 4.6512 3.8363 2.7223 6.4749 4.298 4.3867 autism
GSM627139.CEL 3.063 2.6441 13.5038 3.8423 3.8578 5.6748 5.0534 2.7685 3.4818 3.2713 3.978 3.1281 3.7268 3.9408 5.547 6.1074 3.9559 5.0828 7.141 6.0086 3.15 5.5146 3.5629 4.0317 4.3202 3.4764 5.1131 3.3003 2.7161 3.2076 4.4534 3.1903 4.0498 3.4043 2.7733 7.4985 4.2096 4.7593 autism
GSM627181.CEL 3.1018 2.661 13.7417 3.7442 4.246 4.1285 5.5098 2.8448 3.4122 3.1477 3.8709 3.2776 3.4724 4.8208 5.577 6.178 5.1752 4.5981 7.3568 5.9634 3.1021 5.6355 3.4203 3.7399 4.2318 3.0402 5.131 2.5833 2.4183 3.0433 4.3775 3.1416 4.341 3.624 2.661 6.5859 4.2008 4.1538 autism
GSM627205.CEL 2.9992 2.4816 13.5691 3.9997 3.9901 4.4133 5.5595 2.5945 3.7842 3.037 3.7506 3.3064 3.691 4.7889 5.5374 5.6688 4.6328 4.6711 6.8416 5.723 3.2302 5.4339 3.6086 3.7442 4.2112 3.1703 5.1183 2.7515 2.57 3.1637 4.5508 2.9349 4.4136 3.5036 2.8369 7.702 3.8502 4.4781 autism
GSM627214.CEL 2.7774 2.5742 13.5397 3.7128 4.1502 4.1687 5.4016 2.7324 3.3858 3.2377 3.5158 2.9138 3.6412 4.4177 5.2007 5.906 4.5961 5.0383 6.1011 5.5182 3.2609 5.6093 2.9993 3.8553 4.0353 3.0101 5.1232 3.0057 2.5168 3.1854 4.2425 3.2113 4.2396 3.6877 2.6671 7.1057 3.7562 4.7882 autism
GSM627180.CEL 2.876 2.8089 13.7183 3.8997 3.923 4.3744 5.758 2.7905 3.6276 3.3469 3.7696 3.2011 3.7059 4.441 5.3866 5.7928 3.9701 4.3704 6.9183 5.8292 3.049 5.778 3.2316 3.9025 4.0703 3.3562 4.7225 2.7328 2.5558 3.3176 4.5993 3.0791 4.1707 3.4126 3.0299 7.3749 4.4113 4.2495 autism
GSM627172.CEL 2.8938 2.5953 13.6376 4.017 4.333 4.2648 5.4488 2.8762 3.4948 3.112 4.0851 3.3117 4.1124 4.9183 4.1779 6.042 4.5531 4.6325 6.9064 6.2371 3.8035 5.4145 3.5849 3.857 4.3573 3.3932 5.3607 3.0579 2.6186 3.371 4.4379 3.1091 4.4171 3.7388 3.0106 6.3445 4.1505 4.3061 autism
GSM627184.CEL 2.8414 2.7897 13.3558 3.9944 4.3249 3.9108 5.4383 2.8946 3.6848 3.1942 3.8299 3.2866 3.571 4.3316 4.9501 6.5489 4.2055 4.967 7.7738 6.122 3.5901 5.7074 3.3948 3.5775 4.555 3.3683 5.0936 2.8695 2.5736 3.0621 4.934 3.1633 4.5221 4.0734 2.843 7.1199 4.2914 4.4041 autism
GSM627193.CEL 3.1203 2.7459 13.6062 3.9415 4.2004 4.7315 5.3656 2.5601 3.9251 3.0062 3.8809 3.2594 3.7034 5.0468 5.1383 5.8097 4.8948 4.0782 7.9055 6.1603 3.4343 5.4891 3.4194 3.92 4.0466 3.1866 5.014 2.816 2.6264 3.1532 4.5951 3.0174 4.624 3.571 2.7995 6.4627 4.1803 4.2375 autism
GSM627191.CEL 2.9918 2.4723 13.4544 4.137 5.1737 4.174 5.2546 2.825 3.3037 3.5199 4.0987 3.2505 3.8908 4.1759 4.9142 6.1762 4.3539 5.2063 6.9365 5.8824 2.9215 5.267 3.3313 3.7103 4.431 3.5138 5.5898 3.5604 2.7102 3.041 4.3398 3.0101 4.6208 3.6328 2.6317 6.4486 4.4208 4.3671 autism
GSM627176.CEL 2.889 2.7066 13.7187 4.0757 4.0115 4.6125 5.8329 2.6891 3.5264 3.5556 4.0393 3.2865 3.7544 4.7244 5.4905 5.9255 4.5296 4.1893 7.011 6.0912 3.2868 5.5678 3.7288 3.7039 4.2399 3.2384 4.823 3.0113 3.052 3.4475 4.31 3.3456 4.3394 3.5869 2.7402 7.2227 4.2846 4.4614 autism
GSM627194.CEL 2.7804 2.8474 13.6332 4.1393 4.1829 4.4038 5.5054 2.7779 3.7478 3.0515 3.6501 3.3409 3.6613 4.8842 5.4636 5.4733 4.5617 5.179 7.551 5.8922 3.2785 5.1654 3.5641 3.9221 4.2843 3.0163 4.8614 3.052 2.6768 3.2847 4.0647 3.1827 4.5532 3.5457 2.7475 6.753 4.5347 4.7902 autism
GSM627154.CEL 2.9601 2.6778 13.4507 4.2807 4.5878 4.1944 5.4722 3.2014 3.1339 3.4421 3.7636 3.0948 3.4014 4.0676 5.4173 5.9861 4.5224 4.5124 8.9766 6.1865 3.0656 5.2686 3.2581 3.8637 4.0369 2.949 4.8179 3.1892 2.5763 3.2753 4.2435 3.0118 4.5785 3.2453 2.7581 7.0015 4.1338 4.2034 autism
GSM627187.CEL 2.7114 2.7828 13.3871 3.8911 4.1696 4.2215 5.1387 2.6118 3.362 3.1617 3.9059 3.2666 3.946 4.6771 5.7075 5.6695 4.4778 4.5047 6.7947 6.3072 3.186 5.1582 3.341 3.7481 4.4547 3.4191 5.0019 2.9268 2.5828 3.1789 4.427 2.5679 4.5793 3.6534 2.9983 6.8234 4.2355 4.4381 autism
GSM627198.CEL 3.0419 2.6362 13.6352 4.0495 3.7414 4.513 5.4885 3.2936 3.6233 3.4159 3.7383 3.1965 3.7104 4.8114 4.6034 6.1321 4.6111 4.566 7.4979 5.8693 3.3086 5.3957 3.4196 3.7661 4.1951 3.2287 5.5236 2.9058 2.4991 3.191 4.0719 3.0473 4.3928 3.6112 2.669 6.2536 4.1749 4.0865 autism
GSM627160.CEL 2.8677 2.7415 13.6875 4.1237 4.0975 4.2869 5.4443 2.7476 3.4372 3.285 3.9568 3.2886 3.6393 4.8303 5.0154 5.6432 4.3537 5.4931 7.2462 6.1959 3.0827 5.2969 4.0078 4.013 4.1243 3.6186 5.0554 3.6372 2.5427 3.4884 4.2745 3.1076 4.6823 3.2762 2.8382 7.1591 4.0133 4.2803 autism
GSM627185.CEL 3.1281 2.6613 13.3384 4.1621 3.556 3.7599 5.2561 2.6307 4.0399 3.572 4.2536 3.5176 3.8189 3.928 4.5263 5.8041 4.6624 4.3589 6.8817 5.914 3.0109 5.2318 3.56 4.1976 4.5211 3.0958 4.8398 3.0289 2.4553 2.7902 4.3609 3.1762 4.5131 3.4126 3.0582 6.9463 3.8384 4.4747 autism
GSM627206.CEL 2.8072 2.6254 13.6441 4.1156 4.4994 4.4163 5.5472 2.6411 3.3212 3.3109 3.715 3.1074 3.9165 4.514 5.5822 5.9991 4.3616 5.132 7.5592 5.7382 3.6533 5.2771 3.4425 3.5145 4.1418 3.0152 4.9165 2.901 2.5139 3.2342 4.2533 2.7696 4.5939 3.3087 2.7473 6.944 4.179 4.154 autism
GSM627161.CEL 3.0116 2.7456 13.1934 4.601 4.3621 4.3337 5.8377 2.9486 3.6535 3.2712 3.6645 3.0482 4.2528 4.9019 4.3194 6.3176 4.0794 5.1459 7.711 5.9491 3.3924 5.4484 3.2747 3.8302 4.2908 3.1163 4.9222 3.08 2.8375 3.1783 4.8707 3.0766 4.5516 3.2088 3.2297 7.3409 4.0803 4.2235 autism
GSM627162.CEL 3.0203 2.6794 13.4955 3.8501 3.9747 4.3749 6.0031 2.5693 3.6516 3.1565 3.9459 3.1921 3.5633 4.649 5.0889 5.9915 4.0811 4.5257 7.1713 6.2897 3.366 5.4862 3.6643 3.8887 3.8653 3.0716 4.7002 2.8163 2.5078 3.3659 3.8909 3.2901 4.5779 3.6585 3.2691 6.7516 3.8297 4.3997 autism
GSM627210.CEL 2.8831 2.607 13.6166 4.0446 3.7818 4.2103 5.2523 2.7416 3.8933 3.2642 3.9823 3.4939 3.8206 5.2338 6.0776 5.75 4.2312 4.7889 8.1698 6.1509 3.2336 6.1453 3.7123 4.4234 4.7091 3.6078 4.9159 2.8215 2.7784 3.4117 4.2046 3.106 4.2521 3.3868 2.926 7.337 4.2331 4.3399 autism
GSM627189.CEL 2.769 2.6834 13.6289 4.4057 4.0028 4.7615 5.3038 2.6886 3.5577 2.9947 3.8738 3.2204 3.9062 4.9064 5.0725 5.7881 4.6576 4.6882 7.6543 6.1357 3.2716 5.3258 3.6657 3.7977 4.5081 3.1483 4.8878 2.9514 2.5704 2.9535 4.3307 2.9612 4.338 3.3584 2.8664 7.0093 4.1917 4.1414 autism
